_viz_0 = nengo_gui.components.HTMLView(f)
_viz_config[_viz_0].label_visible = False
_viz_config[_viz_0].width = 0.40493533133064147
_viz_config[_viz_0].height = 0.3556216769748264
_viz_config[_viz_0].y = 0.37596633302378996
_viz_config[_viz_0].x = 0.6610152613486283
_viz_1 = nengo_gui.components.Raster(error_def)
_viz_config[_viz_1].label_visible = True
_viz_config[_viz_1].width = 0.15226939970717424
_viz_config[_viz_1].y = 0.8509615496471752
_viz_config[_viz_1].x = 0.8309742163913516
_viz_config[_viz_1].n_neurons = 100
_viz_config[_viz_1].height = 0.1355423336937314
_viz_2 = nengo_gui.components.Raster(error_goalie)
_viz_config[_viz_2].label_visible = True
_viz_config[_viz_2].width = 0.14019033674963396
_viz_config[_viz_2].y = 0.8797014225545581
_viz_config[_viz_2].x = 0.15636835009765968
_viz_config[_viz_2].n_neurons = 100
_viz_config[_viz_2].height = 0.11031746031746031
_viz_4 = nengo_gui.components.SpikeGrid(ens)
_viz_config[_viz_4].label_visible = True
_viz_config[_viz_4].width = 0.07320644216691069
_viz_config[_viz_4].height = 0.15873015873015872
_viz_config[_viz_4].y = 0.3091066768967353
_viz_config[_viz_4].x = 0.21976852430818455
_viz_net_graph = nengo_gui.components.NetGraph()
_viz_progress = nengo_gui.components.Progress()
_viz_config[_viz_progress].label_visible = True
_viz_config[_viz_progress].width = 100
_viz_config[_viz_progress].height = 100
_viz_config[_viz_progress].y = 0
_viz_config[_viz_progress].x = 0
_viz_sim_control = nengo_gui.components.SimControl()
_viz_config[_viz_sim_control].kept_time = 4.0
_viz_config[_viz_sim_control].shown_time = 0.5
_viz_config[ens].pos=(0.11055782285736587, 0.14413026200451642)
_viz_config[ens].size=(0.09090909090909091, 0.1)
_viz_config[error_def].pos=(0.6390402352919247, 0.850908534909055)
_viz_config[error_def].size=(0.09090909090909091, 0.1)
_viz_config[error_goalie].pos=(0.36304344659706084, 0.8541210328160934)
_viz_config[error_goalie].size=(0.09090909090909091, 0.1)
_viz_config[f].pos=(0.8932841485191843, 0.5501063814077177)
_viz_config[f].size=(0.07272727272727274, 0.08)
_viz_config[model].pos=(0, 0)
_viz_config[model].size=(1.0, 1.0)
_viz_config[model].expanded=True
_viz_config[model].has_layout=True