_viz_0 = nengo_gui.components.Value(ens)
_viz_config[_viz_0].synapse = 0.0
_viz_config[_viz_0].max_value = 1
_viz_config[_viz_0].min_value = -1
_viz_config[_viz_0].legend_labels = [u'label_0']
_viz_config[_viz_0].height = 0.14023453535649705
_viz_config[_viz_0].label_visible = True
_viz_config[_viz_0].width = 0.15045571140288896
_viz_config[_viz_0].show_legend = False
_viz_config[_viz_0].y = 0.2243557487974053
_viz_config[_viz_0].x = 0.5602382685915993
_viz_1 = nengo_gui.components.Slider(stim)
_viz_config[_viz_1].label_visible = True
_viz_config[_viz_1].width = 0.058389751551449515
_viz_config[_viz_1].x = 0.1293924857942459
_viz_config[_viz_1].y = 0.49673669413469984
_viz_config[_viz_1].max_value = 1
_viz_config[_viz_1].min_value = -1
_viz_config[_viz_1].height = 0.14023453535649705
_viz_net_graph = nengo_gui.components.NetGraph()
_viz_progress = nengo_gui.components.Progress()
_viz_config[_viz_progress].label_visible = True
_viz_config[_viz_progress].width = 100
_viz_config[_viz_progress].height = 100
_viz_config[_viz_progress].y = 0
_viz_config[_viz_progress].x = 0
_viz_sim_control = nengo_gui.components.SimControl()
_viz_config[_viz_sim_control].kept_time = 4.0
_viz_config[_viz_sim_control].shown_time = 0.5
_viz_config[ens].pos=(0.48459689324964916, 0.5006508698892262)
_viz_config[ens].size=(0.09633017683269388, 0.08963222351510432)
_viz_config[ens].expanded=False
_viz_config[ens].has_layout=True
_viz_config[ens.error].pos=(0.2096774193548387, 0.19565217391304346)
_viz_config[ens.error].size=(0.12903225806451613, 0.08695652173913043)
_viz_config[ens.input].pos=(0.2096774193548387, 0.8043478260869565)
_viz_config[ens.input].size=(0.12903225806451613, 0.08695652173913043)
_viz_config[ens.output].pos=(0.7903225806451613, 0.49999999999999994)
_viz_config[ens.output].size=(0.12903225806451613, 0.08695652173913043)
_viz_config[model].pos=(0.018000748845003578, 0.025424265267545265)
_viz_config[model].size=(0.9688737861325718, 0.9688737861325718)
_viz_config[model].expanded=True
_viz_config[model].has_layout=True
_viz_config[motor].pos=(0.8934426229508197, 0.5)
_viz_config[motor].size=(0.06557377049180327, 0.08)
_viz_config[stim].pos=(0.10655737704918032, 0.5)
_viz_config[stim].size=(0.06557377049180327, 0.08)