_viz_config[PD].pos=(0.49999999999999994, 0.2857142857142857)
_viz_config[PD].size=(0.09803921568627451, 0.14285714285714285)
_viz_0 = nengo_gui.components.Value(error)
_viz_config[_viz_0].max_value = 1
_viz_config[_viz_0].min_value = -1
_viz_config[_viz_0].show_legend = False
_viz_config[_viz_0].legend_labels = ['label_0']
_viz_config[_viz_0].synapse = 0.01
_viz_config[_viz_0].x = 0.5052850916377445
_viz_config[_viz_0].y = 0.565230009896415
_viz_config[_viz_0].width = 0.13192612137203166
_viz_config[_viz_0].height = 0.1358695652173913
_viz_config[_viz_0].label_visible = True
_viz_1 = nengo_gui.components.Slider(stim)
_viz_config[_viz_1].max_value = 1
_viz_config[_viz_1].min_value = -1
_viz_config[_viz_1].x = 0.12949476221481176
_viz_config[_viz_1].y = 0.27585755171686965
_viz_config[_viz_1].width = 0.06596306068601583
_viz_config[_viz_1].height = 0.1358695652173913
_viz_config[_viz_1].label_visible = True
_viz_3 = nengo_gui.components.Value(PD)
_viz_config[_viz_3].max_value = 1
_viz_config[_viz_3].min_value = -1
_viz_config[_viz_3].show_legend = False
_viz_config[_viz_3].legend_labels = ['label_0']
_viz_config[_viz_3].synapse = 0.01
_viz_config[_viz_3].x = 0.6453639600794142
_viz_config[_viz_3].y = 0.10025904348622207
_viz_config[_viz_3].width = 0.15493019526740806
_viz_config[_viz_3].height = 0.08886363195336383
_viz_config[_viz_3].label_visible = True
_viz_net_graph = nengo_gui.components.NetGraph()
_viz_progress = nengo_gui.components.Progress()
_viz_config[_viz_progress].x = 0
_viz_config[_viz_progress].y = 0
_viz_config[_viz_progress].width = 100
_viz_config[_viz_progress].height = 100
_viz_config[_viz_progress].label_visible = True
_viz_sim_control = nengo_gui.components.SimControl()
_viz_config[_viz_sim_control].shown_time = 0.5
_viz_config[_viz_sim_control].kept_time = 4.0
_viz_config[error].pos=(0.7727272727272727, 0.7142857142857142)
_viz_config[error].size=(0.15151515151515152, 0.14285714285714285)
_viz_config[model].pos=(0, 0)
_viz_config[model].size=(1.0, 1.0)
_viz_config[model].expanded=True
_viz_config[model].has_layout=True
_viz_config[motor].pos=(0.872549019607843, 0.2857142857142857)
_viz_config[motor].size=(0.07843137254901959, 0.11428571428571428)
_viz_config[position].pos=(0.19696969696969696, 0.7142857142857142)
_viz_config[position].size=(0.1212121212121212, 0.11428571428571428)
_viz_config[stim].pos=(0.12745098039215685, 0.2857142857142857)
_viz_config[stim].size=(0.07843137254901959, 0.11428571428571428)