_viz_config[PD].pos=(0.7678801167687208, 0.4857930784250385)
_viz_config[PD].size=(0.04504504504504504, 0.08064516129032258)
_viz_0 = nengo_gui.components.Slider(stim)
_viz_config[_viz_0].label_visible = True
_viz_config[_viz_0].width = 0.054945054945054944
_viz_config[_viz_0].x = 0.07237352442573612
_viz_config[_viz_0].y = 0.3755643084628568
_viz_config[_viz_0].max_value = 1
_viz_config[_viz_0].min_value = -1
_viz_config[_viz_0].height = 0.14556040756914118
_viz_1 = nengo_gui.components.Value(position)
_viz_config[_viz_1].synapse = 0.01
_viz_config[_viz_1].max_value = 1
_viz_config[_viz_1].min_value = -1
_viz_config[_viz_1].legend_labels = [u'label_0']
_viz_config[_viz_1].height = 0.14556040756914118
_viz_config[_viz_1].label_visible = True
_viz_config[_viz_1].width = 0.10989010989010989
_viz_config[_viz_1].show_legend = False
_viz_config[_viz_1].y = 0.8202085863430475
_viz_config[_viz_1].x = 0.5495464616561663
_viz_2 = nengo_gui.components.Value(PD)
_viz_config[_viz_2].synapse = 0.01
_viz_config[_viz_2].max_value = 1
_viz_config[_viz_2].min_value = -1
_viz_config[_viz_2].legend_labels = [u'label_0']
_viz_config[_viz_2].height = 0.14556040756914118
_viz_config[_viz_2].label_visible = True
_viz_config[_viz_2].width = 0.10989010989010989
_viz_config[_viz_2].show_legend = False
_viz_config[_viz_2].y = 0.12507257414943676
_viz_config[_viz_2].x = 0.7868466086067911
_viz_net_graph = nengo_gui.components.NetGraph()
_viz_progress = nengo_gui.components.Progress()
_viz_config[_viz_progress].label_visible = True
_viz_config[_viz_progress].width = 100
_viz_config[_viz_progress].height = 100
_viz_config[_viz_progress].y = 0
_viz_config[_viz_progress].x = 0
_viz_sim_control = nengo_gui.components.SimControl()
_viz_config[_viz_sim_control].kept_time = 4.0
_viz_config[_viz_sim_control].shown_time = 0.5
_viz_config[derror].pos=(0.5488662988011616, 0.3128668959120694)
_viz_config[derror].size=(0.04504504504504504, 0.08064516129032258)
_viz_config[error].pos=(0.22972972972972971, 0.6290322580645161)
_viz_config[error].size=(0.04504504504504504, 0.08064516129032258)
_viz_config[model].pos=(0, 0)
_viz_config[model].size=(1.0, 1.0)
_viz_config[model].expanded=True
_viz_config[model].has_layout=True
_viz_config[motor].pos=(0.9318236682362279, 0.45148325132050393)
_viz_config[motor].size=(0.036036036036036036, 0.06451612903225806)
_viz_config[position].pos=(0.9119021698592119, 0.7136141241838736)
_viz_config[position].size=(0.036036036036036036, 0.06451612903225806)
_viz_config[slow].pos=(0.4099099099099099, 0.16129032258064516)
_viz_config[slow].size=(0.04504504504504504, 0.08064516129032258)
_viz_config[stim].pos=(0.06064336402974608, 0.6202709229074326)
_viz_config[stim].size=(0.036036036036036036, 0.06451612903225806)